trucks = [1088214034 1088214042 1088214013 1088217019 1088217018 1084068100 1084068111 1084067241 1088214007 1084068051 1088214236];
styles = ReportType(2);